[gd_scene load_steps=4 format=2]

[ext_resource path="res://models/room.glb" type="PackedScene" id=1]
[ext_resource path="res://Models/OnlineDoorAndWallFixedOrigin.glb" type="PackedScene" id=2]
[ext_resource path="res://DoorSwing.gd" type="Script" id=3]

[node name="RoomScene" type="Spatial"]

[node name="room" parent="." instance=ExtResource( 1 )]

[node name="DirectionalLight" type="DirectionalLight" parent="."]
transform = Transform( -0.913393, -0.349033, 0.2095, -0.0207799, 0.553946, 0.832293, -0.406549, 0.755857, -0.513223, -1.46737, 7.23478, -2.41027 )

[node name="OnlineDoorAndWallFixedOrigin" parent="." instance=ExtResource( 2 )]
transform = Transform( 1, 0, 0, 0, 1, 0, 0, 0, 1, -1.50127, -0.00967264, 0.0779743 )

[node name="Plane001" parent="OnlineDoorAndWallFixedOrigin/Plane002" index="0"]
transform = Transform( 0.999204, -0.00277662, 0.0397863, 0.00280182, 0.999996, -0.000577353, -0.0397846, 0.000688381, 0.999208, -0.440916, 0.334056, 0.101397 )
script = ExtResource( 3 )

[node name="Camera" type="Camera" parent="."]
transform = Transform( 0.873109, 0, 0.487524, 0, 1, 0, -0.487524, 0, 0.873109, 0.390454, 1.72842, 3.05734 )

[editable path="OnlineDoorAndWallFixedOrigin"]
